635
i 3 16 1
s 9
0 
i 15 3 1
i 8 8 1
i 20 4 1
p 1
0 
i 4 15 1
s 1
0 
s 17
0 
i 12 17 1
i 20 6 1
i 6 14 1
e 6 14
s 14
0 
i 5 7 1
i 8 8 1
i 15 8 1
i 5 7 1
e 3 16
i 10 7 1
i 12 9 1
q 8 8
2
i 11 4 1
i 9 18 1
i 4 8 1
i 20 3 1
i 16 16 1
e 20 3
i 16 15 1
i 4 16 1
s 15
2 3 8 
i 10 16 1
i 6 9 1
i 9 19 1
i 10 10 1
i 4 13 1
i 3 14 1
i 7 13 1
s 2
0 
i 14 6 1
i 7 4 1
i 8 19 1
i 11 15 1
i 8 15 1
i 4 8 1
i 12 19 1
p 13
2 4 7 
i 5 18 1
i 2 10 1
i 13 18 1
i 20 15 1
e 10 10
e 8 8
i 5 8 1
s 5
3 7 8 18 
i 9 9 1
s 9
3 9 18 19 
i 9 13 1
i 19 11 1
s 1
0 
i 7 13 1
q 8 15
1
i 1 14 1
e 2 10
q 12 17
1
i 4 11 1
p 13
3 4 7 9 
e 8 15
i 10 5 1
i 19 2 1
i 17 15 1
i 15 17 1
e 10 5
i 10 8 1
s 8
1 19 
i 11 5 1
i 12 5 1
i 7 10 1
p 3
1 15 
e 14 6
q 20 4
1
i 16 9 1
q 7 4
1
i 1 17 1
s 15
3 3 8 17 
p 5
2 11 12 
i 2 2 1
i 16 13 1
p 17
3 1 12 15 
e 1 14
i 4 8 1
q 16 16
1
i 16 8 1
i 1 5 1
i 16 13 1
i 20 10 1
s 11
3 4 5 15 
e 4 8
i 13 15 1
i 6 13 1
i 14 13 1
q 16 15
1
i 20 4 1
q 12 9
1
i 9 13 1
i 19 15 1
i 13 2 1
i 3 17 1
s 1
2 5 17 
i 5 20 1
i 12 19 1
s 15
3 3 8 17 
i 10 1 1
i 8 13 1
e 8 13
q 12 19
2
e 3 14
i 5 14 1
i 14 10 1
i 10 16 1
i 20 8 1
i 1 6 1
i 7 15 1
e 12 9
s 4
4 11 13 15 16 
i 3 17 1
p 2
3 2 13 19 
i 7 2 1
s 14
2 10 13 
s 20
5 4 6 8 10 15 
p 11
2 4 19 
e 20 15
e 19 15
p 8
5 5 10 15 16 20 
e 17 15
s 2
1 2 
i 3 1 1
i 2 16 1
i 5 6 1
i 11 17 1
i 2 6 1
i 14 20 1
i 15 1 1
s 1
3 5 6 17 
i 10 11 1
q 7 15
1
i 1 14 1
i 19 6 1
p 10
3 7 14 20 
p 10
3 7 14 20 
e 10 7
e 4 13
i 15 13 1
s 11
4 4 5 15 17 
i 8 2 1
i 16 16 1
q 6 9
1
i 18 7 1
s 18
1 7 
i 9 4 1
q 10 16
2
s 6
2 9 13 
i 10 1 1
q 4 11
1
q 19 11
1
s 2
3 2 6 16 
i 6 12 1
p 14
2 1 5 
q 16 16
2
i 8 9 1
i 20 1 1
q 8 19
1
q 7 15
1
e 16 9
i 5 17 1
e 8 9
i 12 4 1
i 18 7 1
s 1
4 5 6 14 17 
i 4 17 1
p 12
1 6 
q 14 10
1
i 6 5 1
i 15 20 1
q 19 11
1
i 20 4 1
e 19 2
i 4 9 1
e 15 8
e 11 17
p 1
4 3 10 15 20 
i 2 5 1
e 20 10
p 19
3 8 9 12 
e 5 14
i 11 14 1
e 13 18
p 1
4 3 10 15 20 
i 7 13 1
i 7 8 1
i 5 19 1
i 9 12 1
s 11
4 4 5 14 15 
e 9 13
i 1 1 1
i 18 6 1
i 8 4 1
i 18 1 1
s 11
4 4 5 14 15 
p 18
2 5 9 
i 15 9 1
e 8 4
s 15
6 1 3 9 13 17 20 
i 2 9 1
s 19
2 6 11 
i 3 10 1
i 15 10 1
s 12
4 4 5 17 19 
i 8 6 1
i 7 19 1
i 11 15 1
i 20 9 1
e 8 19
i 17 13 1
q 5 6
1
p 19
4 5 7 9 12 
i 8 2 1
i 2 13 1
q 14 20
1
i 19 17 1
i 7 1 1
q 19 6
1
i 1 2 1
s 1
6 1 2 5 6 14 17 
i 6 7 1
i 1 13 1
i 1 15 1
p 3
1 15 
q 20 9
1
i 9 15 1
i 8 19 1
i 18 10 1
i 19 16 1
i 3 19 1
e 1 17
q 8 19
1
i 2 11 1
i 15 19 1
s 10
4 1 8 11 16 
i 4 15 1
i 20 3 1
q 12 19
2
i 1 10 1
i 9 19 1
i 1 1 1
s 8
3 2 6 19 
q 2 2
1
s 12
4 4 5 17 19 
i 6 14 1
i 4 17 1
i 7 1 1
p 15
7 1 4 7 9 11 13 16 
i 10 16 1
q 11 14
1
i 14 7 1
i 11 6 1
i 7 13 1
i 6 19 1
i 17 5 1
i 2 18 1
p 19
8 3 5 6 7 8 9 12 15 
e 8 6
p 7
4 5 6 14 18 
i 16 15 1
i 9 15 1
e 2 13
i 2 11 1
i 6 12 1
e 12 5
i 15 11 1
s 13
2 2 15 
i 14 3 1
s 3
4 1 10 17 19 
p 14
3 1 6 11 
q 2 6
1
e 20 4
i 11 2 1
i 1 2 1
i 14 7 1
i 18 6 1
i 13 6 1
i 16 18 1
i 18 4 1
e 12 4
i 20 15 1
p 2
6 1 2 7 8 11 13 
p 17
6 3 4 5 12 15 19 
i 1 1 1
i 15 5 1
i 3 6 1
i 1 18 1
s 14
5 3 7 10 13 20 
q 18 6
2
e 9 12
e 1 14
e 18 1
i 17 3 1
i 4 4 1
p 1
6 1 3 7 10 15 20 
i 3 9 1
s 5
7 6 7 8 17 18 19 20 
i 12 10 1
q 13 15
1
i 6 4 1
i 12 20 1
p 12
1 6 
i 13 6 1
i 5 4 1
i 17 19 1
i 2 17 1
s 20
6 1 3 6 8 9 15 
i 16 8 1
q 15 13
1
i 20 16 1
i 14 16 1
i 1 13 1
s 8
2 2 19 
p 13
7 1 6 7 14 15 16 17 
i 12 12 1
e 14 20
p 11
5 2 4 10 15 19 
i 8 12 1
i 14 18 1
i 19 5 1
s 8
3 2 12 19 
i 6 20 1
i 4 13 1
i 14 18 1
p 19
9 3 5 6 7 8 9 12 15 17 
i 16 8 1
i 13 12 1
q 20 6
1
i 3 12 1
s 1
8 1 2 5 6 10 13 15 18 
q 20 1
1
p 2
6 1 2 7 8 11 13 
s 20
7 1 3 6 8 9 15 16 
q 15 1
1
q 20 16
1
p 17
7 2 3 4 5 12 15 19 
i 3 12 1
i 10 12 1
s 1
8 1 2 5 6 10 13 15 18 
i 12 11 1
q 12 12
1
i 11 3 1
i 17 8 1
i 12 18 1
e 16 15
p 7
4 5 6 14 18 
i 12 4 1
i 10 10 1
p 10
8 1 3 7 10 12 14 15 18 
e 14 3
e 1 6
i 17 9 1
s 20
7 1 3 6 8 9 15 16 
i 12 6 1
i 14 12 1
i 10 5 1
i 9 6 1
s 18
4 4 6 7 10 
p 17
7 2 3 4 5 12 15 19 
p 17
7 2 3 4 5 12 15 19 
i 18 3 1
i 1 1 1
i 2 11 1
i 10 16 1
i 19 10 1
i 10 4 1
p 2
6 1 2 7 8 11 13 
e 18 7
i 17 3 1
s 8
3 2 12 19 
i 6 8 1
p 6
10 2 3 5 9 11 12 13 18 19 20 
i 16 2 1
s 13
4 2 6 12 15 
q 10 16
4
p 1
6 1 3 7 10 15 20 
s 15
10 1 3 5 9 10 11 13 17 19 20 
i 6 13 1
p 12
7 3 6 8 10 12 13 14 
s 7
8 1 2 4 8 10 13 15 19 
s 12
9 4 6 10 11 12 17 18 19 20 
i 19 15 1
e 4 11
i 1 14 1
i 13 6 1
e 7 13
s 19
7 5 6 10 11 15 16 17 
i 15 10 1
p 1
6 1 3 7 10 15 20 
i 3 19 1
i 16 2 1
i 3 8 1
p 10
9 1 3 7 10 12 14 15 18 19 
p 18
7 1 2 5 9 12 14 16 
p 19
9 3 5 6 7 8 9 12 15 17 
i 19 8 1
i 12 4 1
i 15 6 1
e 15 20
p 9
8 2 3 4 6 9 15 17 20 
i 17 20 1
i 10 11 1
p 7
3 5 6 14 
i 12 17 1
i 3 3 1
i 16 17 1
i 6 15 1
e 11 2
e 7 1
s 5
8 4 6 7 8 17 18 19 20 
p 13
7 1 4 6 14 15 16 17 
i 10 16 1
q 18 6
2
p 14
3 1 6 11 
e 9 4
i 17 11 1
s 7
6 2 4 8 10 15 19 
p 18
7 1 2 5 9 12 14 16 
i 6 2 1
i 20 6 1
i 2 18 1
e 3 10
i 15 2 1
s 18
4 3 4 6 10 
s 13
4 2 6 12 15 
p 20
4 5 6 12 17 
p 3
6 3 11 15 17 18 20 
e 1 15
i 18 18 1
i 16 12 1
i 15 9 1
e 2 2
i 6 15 1
i 16 2 1
i 11 12 1
p 2
7 1 6 7 8 13 15 16 
s 20
7 1 3 6 8 9 15 16 
i 2 4 1
s 20
7 1 3 6 8 9 15 16 
e 3 12
p 3
6 3 11 15 17 18 20 
i 14 3 1
i 6 10 1
i 18 9 1
e 10 10
i 1 10 1
i 5 18 1
i 14 12 1
i 16 12 1
i 18 13 1
i 15 2 1
i 17 7 1
i 14 10 1
e 12 19
i 3 1 1
i 2 9 1
e 11 12
i 7 3 1
i 2 12 1
p 20
4 5 6 12 17 
i 2 7 1
e 18 6
e 5 4
i 20 18 1
i 3 6 1
i 6 17 1
i 12 15 1
i 7 8 1
i 17 8 1
i 9 9 1
i 1 15 1
i 10 16 1
q 17 9
1
e 16 8
i 18 16 1
i 7 8 1
e 14 10
s 8
3 2 12 19 
i 15 12 1
i 4 13 1
e 18 18
e 10 16
e 15 13
i 6 5 1
i 12 20 1
p 18
8 1 2 5 9 12 14 16 20 
i 1 11 1
e 2 4
i 19 1 1
i 11 7 1
i 15 20 1
e 15 11
i 4 17 1
i 6 12 1
i 13 4 1
p 10
7 1 6 7 12 15 18 19 
i 3 7 1
i 14 7 1
i 17 4 1
s 5
7 6 7 8 17 18 19 20 
i 17 2 1
p 14
3 1 6 11 
q 9 15
2
i 17 15 1
i 9 14 1
i 14 6 1
i 1 5 1
e 4 9
i 6 9 1
i 15 18 1
i 1 9 1
i 6 13 1
q 2 18
2
q 6 12
3
e 19 5
i 10 8 1
q 18 13
1
e 11 14
q 16 17
1
i 9 3 1
i 1 10 1
i 8 5 1
i 2 20 1
i 6 2 1
i 8 14 1
e 20 15
i 6 4 1
i 13 18 1
q 1 2
2
i 11 15 1
i 11 18 1
e 3 6
i 16 19 1
s 6
14 2 4 5 7 8 9 10 12 13 14 15 17 19 20 
s 9
7 3 6 9 14 15 18 19 
p 15
10 1 4 6 7 9 11 12 13 17 19 
i 19 2 1
i 9 14 1
q 6 2
2
q 6 4
2
i 5 16 1
q 6 2
2
e 2 11
q 17 20
1
i 10 9 1
s 8
5 2 5 12 14 19 
i 14 17 1
i 15 4 1
q 11 18
1
i 20 5 1
i 10 5 1
i 7 9 1
i 9 5 1
q 17 4
1
q 19 8
1
i 11 11 1
i 1 8 1
i 3 8 1
i 18 6 1
i 1 4 1
i 5 15 1
i 3 3 1
q 20 6
2
i 11 2 1
s 9
8 3 5 6 9 14 15 18 19 
i 20 6 1
p 5
10 1 2 6 8 9 10 11 15 17 20 
s 2
9 5 6 7 9 12 16 17 18 20 
p 12
9 2 6 8 10 12 13 14 15 16 
e 6 15
i 7 4 1
s 5
9 6 7 8 15 16 17 18 19 20 
i 19 5 1
i 14 15 1
p 4
11 1 4 6 7 10 11 12 13 15 17 18 
i 17 16 1
i 8 14 1
e 12 6
i 11 2 1
i 20 4 1
p 1
6 1 3 10 15 19 20 
e 6 10
s 14
9 3 6 7 12 13 15 16 17 18 
i 9 10 1
i 3 5 1
s 20
9 1 3 4 5 6 8 9 16 18 
s 11
9 2 3 4 5 6 7 11 15 18 
e 20 4
i 11 16 1
s 4
5 4 13 15 16 17 
q 9 9
2
i 10 8 1
i 18 14 1
i 15 12 1
e 2 18
i 17 20 1
q 17 20
2
p 3
9 3 7 9 11 14 15 17 18 20 
i 6 20 1
e 11 11
p 6
10 2 5 9 11 13 14 15 18 19 20 
e 19 6
i 1 4 1
i 2 5 1
i 20 14 1
i 11 12 1
i 13 12 1
q 1 8
1
i 10 11 1
q 14 17
1
i 14 18 1
e 11 16
e 11 2
i 19 7 1
s 15
13 1 2 3 4 5 6 9 10 12 17 18 19 20 
s 5
9 6 7 8 15 16 17 18 19 20 
i 20 18 1
i 7 2 1
q 6 7
1
e 3 19
q 15 19
1
